onset,end,modulation
1.3,10.5,1
15.9,19.5,1
22.6,25.8,1
31.7,36.7,1
40.7,61.0,1
68.7,73.0,1
77.0,91.5,1
93.0,101.0,1
105.6,124.9,1
126.2,145.7,1
147.0,160.2,1
161.8,164.4,1
166.1,175.2,1
178.6,189.1,1
194.4,199.6,1
202.0,203.1,1
214.1,215.5,1
217.9,219.4,1
221.0,223.6,1
251.6,254.7,1
266.3,268.2,1
276.1,276.8,1
278.2,284.7,1
288.6,292.7,1
295.8,298.1,1
310.8,312.2,1
321.6,324.0,1
350.5,355.5,1
363.6,365.5,1
416.7,418.0,1
425.1,427.0,1
434.1,434.7,1
445.5,447.9,1
511.9,513.9,1
517.0,517.5,1
519.1,524.0,1
527.9,532.9,1
537.4,542.2,1
545.3,546.6,1
550.5,555.4,1
578.0,580.2,1
586.9,587.7,1
619.8,622.7,1
624.2,629.5,1
645.6,646.2,1
675.5,677.1,1
683.8,687.0,1
690.0,693.0,1
702.4,703.4,1
706.2,708.5,1
717.0,718.6,1
723.9,726.0,1
733.2,735.5,1
743.9,747.7,1
752.0,755.7,1
760.5,768.5,1
795.5,797.6,1
808.1,810.7,1
839.2,840.1,1
848.4,849.6,1
856.6,858.1,1
864.3,865.7,1
874.5,876.0,1
885.8,888.3,1
890.0,892.5,1
896.2,897.3,1
900.2,902.8,1
